STRING	STRING	STRING	STRING
ID	Type	TypeID	Order
44001	interact	6001	1
44001	useitem	6001	2
44010	story	6001	1
44011	useitem	6004	1
44011	useitem	6005	2
44011	useitem	6006	3
44011	collect	6001	4
44017	hunter	6002	1
44018	story	6002	1
44050	interact	6020	1
44050	collect	6005	2
44051	interact	6021	1
44051	interact	6022	2
44051	collect	6006	3
44053	collect	6007	1
44054	story	6005	1
44062	hunter	6011	1
44062	hunter	6012	2
44064	useitem	6007	1
44066	interact	6026	1
44067	interact	6027	1
44068	interact	6028	1
44069	hunter	6013	1
44069	story	6006	2
44073	hunter	6014	1
44073	hunter	6015	2
44074	story	6007	1
44075	convoy	6003	1
44076	story	6008	1
44077	useitem	6008	1
44077	useitem	6009	2
44078	hunter	6016	1
44078	hunter	6017	2
44098	story	6010	1
44098	convoy	6005	2
44099	interact	6032	1
44099	interact	6033	2
44099	collect	6009	3
44099	collect	6010	4
44100	interact	6034	1
44101	interact	6035	1
44101	useitem	6010	2
44102	interact	6036	1
44102	interact	6037	2
44103	useitem	6011	1
44103	useitem	6012	1
44103	useitem	6013	1
44103	useitem	6014	1
44104	interact	6038	1
44104	useitem	6015	2
44106	interact	6039	1
44106	interact	6040	2
44107	interact	6041	1
44112	collect	6011	1
44112	collect	6012	1
44113	interact	6042	1
44113	interact	6043	1
44113	interact	6044	1
44115	interact	6045	1
44115	interact	6046	1
44115	interact	6047	1
44118	collect	6015	1
44119	interact	6049	1
44119	useitem	6016	2
44121	interact	6050	1
44121	interact	6051	2
44121	convoy	6006	3
44122	convoy	6007	1
44123	hunter	6021	1
44123	interact	6052	2
44124	story	6011	1
44125	story	6012	1
44125	interact	6053	2
44127	interact	6055	1
44127	collect	6016	2
44133	convoy	6008	1
44133	interact	6056	2
44134	hunter	6022	1
44135	collect	6017	1
44137	story	6013	1
44137	hunter	6023	2
44138	interact	6058	1
44146	interact	6101	2
44146	convoy	6100	1
44148	hunter	6100	2
44148	interact	6102	1
44149	collect	6100	2
44149	story	6100	1
44150	collect	6101	1
44151	story	6101	1
44152	hunter	6101	2
44152	interact	6103	1
44153	interact	6104	1
44153	interact	6105	2
44153	interact	6106	3
44153	interact	6107	4
44154	hunter	6102	1
44154	story	6102	2
44155	collect	6102	3
44155	interact	6108	1
44155	convoy	6101	2
44156	hunter	6103	2
44156	interact	6109	1
44157	story	6103	1
44158	hunter	6104	3
44158	convoy	6102	2
44158	useitem	6100	1
44159	collect	6103	2
44159	interact	6110	1
44159	interact	6111	3
44160	interact	6112	1
44160	interact	6113	2
44160	story	6104	3
44161	hunter	6105	1
44162	hunter	6106	2
44162	story	6105	1
44163	collect	6104	1
44163	interact	6114	2
44165	hunter	6109	2
44165	story	6106	1
44166	interact	6115	1
44193	collect	6130	2
44193	interact	6130	1
44194	interact	6131	2
44194	story	6130	1
44195	interact	6132	1
44195	interact	6133	3
44195	useitem	6130	2
44196	hunter	6130	1
44196	hunter	6131	3
44196	interact	6134	2
44197	interact	6135	2
44197	story	6131	1
44198	interact	6136	1
44198	interact	6137	2
44199	hunter	6132	2
44199	interact	6138	1
44199	interact	6139	3
44199	interact	6140	4
44200	interact	6141	1
44200	convoy	6130	2
44201	hunter	6134	1
44201	story	6132	2
44202	interact	6142	1
44204	hunter	6135	1
44204	interact	6144	3
44204	convoy	6131	2
44205	interact	6145	2
44205	convoy	6132	1
44206	hunter	6136	2
44206	collect	6131	1
44208	interact	6146	1
44208	convoy	6133	2
44209	hunter	6137	1
44209	interact	6147	3
44209	convoy	6134	2
44210	hunter	6138	3
44210	hunter	6139	4
44210	useitem	6131	1
44210	story	6134	2
44211	interact	6148	1
44211	story	6135	2
44241	interact	6170	2
44241	story	6170	1
44242	hunter	6170	2
44242	interact	6171	1
44242	story	6171	3
44243	interact	6172	1
44243	interact	6173	2
44243	useitem	6170	3
44244	hunter	6171	2
44244	interact	6174	1
44245	hunter	6172	1
44245	interact	6175	2
44246	collect	6170	3
44246	interact	6176	1
44246	interact	6177	2
44247	interact	6178	1
44248	hunter	6173	2
44248	collect	6171	2
44248	story	6172	1
44249	interact	6179	1
44249	interact	6180	2
44249	interact	6181	3
44250	hunter	6174	1
44250	story	6173	2
44251	collect	6172	2
44251	interact	6182	1
44252	interact	6183	1
44252	useitem	6171	2
44253	collect	6173	2
44253	convoy	6170	1
44254	hunter	6175	1
44255	hunter	6176	1
44255	collect	6174	3
44255	interact	6184	2
44256	hunter	6177	2
44256	interact	6185	1
44256	interact	6186	3
44257	story	6174	1
44257	story	6175	2
44258	interact	6187	2
44258	convoy	6171	1
44259	interact	6188	2
44259	interact	6189	3
44259	useitem	6172	1
44260	interact	6190	1
44290	hunter	6200	1
44291	story	6200	1
44292	interact	6200	1
44292	hunter	6201	2
44292	collect	6200	3
44293	convoy	6200	1
44295	story	6202	1
44295	interact	6202	2
44295	interact	6203	3
44295	interact	6204	4
44296	story	6203	1
44298	hunter	6202	1
44298	hunter	6203	2
44299	story	6204	1
44300	interact	6205	2
44300	useitem	6200	1
44300	interact	6206	4
44302	hunter	6204	1
44303	collect	6202	1
44303	hunter	6205	1
44303	interact	6207	3
44304	interact	6208	1
44305	hunter	6206	1
44305	hunter	6207	1
44306	hunter	6208	1
44308	interact	6212	1
44308	convoy	6202	2
44310	hunter	6210	1
44310	hunter	6211	1
44313	useitem	6201	1
44315	interact	6209	1
44316	collect	6201	1
44317	interact	6211	1
44337	hunter	6212	1
44337	interact	6213	2
44337	convoy	6206	4
44337	interact	6214	3
44339	convoy	6207	2
44340	interact	6215	2
44340	collect	6203	1
44341	story	6206	1
44342	interact	6216	1
44342	useitem	6202	2
44342	interact	6217	3
44343	collect	6204	1
44344	convoy	6208	1
44344	interact	6218	2
44344	interact	6219	3
44345	collect	6205	1
44346	collect	6206	1
44347	interact	6220	1
44348	interact	6221	1
44348	interact	6222	2
44348	hunter	6213	3
44348	hunter	6214	4
44349	story	6208	1
44350	interact	6223	1
44351	interact	6224	1
44351	hunter	6215	2
44352	hunter	6216	1
44353	story	6209	1
44353	interact	6225	2
44355	story	6210	1
44356	hunter	6217	1
44357	hunter	6218	1
44357	interact	6226	2
44358	story	6211	1
44359	story	6212	1
44361	story	6213	1
44361	collect	6207	2
44362	interact	6228	1
44363	hunter	6219	1
44387	hunter	6220	1
44388	collect	6208	1
44389	hunter	6221	1
44390	collect	6209	1
44391	hunter	6222	1
44392	hunter	6223	1
44393	interact	6149	1
44395	hunter	6224	1
44395	interact	6150	2
44396	interact	6151	1
44397	interact	6234	1
44398	convoy	6212	1
44400	hunter	6225	2
44400	hunter	6226	1
44401	collect	6211	1
44402	interact	6236	1
44402	hunter	6227	2
44403	interact	6237	1
44403	hunter	6228	2
44404	hunter	6229	1
44405	hunter	6230	1
44406	hunter	6231	1
44406	interact	6238	2
44406	interact	6239	3
44408	hunter	6233	2
44408	interact	6240	1
44410	hunter	6234	2
44410	hunter	6235	1
44411	interact	6241	1
44412	interact	6242	1
44412	interact	6243	1
44412	interact	6244	2
44412	hunter	6236	2
44413	interact	6245	3
44413	hunter	6237	1
44413	interact	6246	2
44439	hunter	6150	1
44440	story	6051	1
44441	interact	6152	1
44441	interact	6153	2
44441	interact	6154	3
44441	convoy	6151	4
44446	collect	6150	1
44447	interact	6155	1
44447	interact	6156	2
44447	hunter	6151	3
44450	hunter	6152	1
44450	hunter	6153	2
44452	story	6052	1
44453	hunter	6154	1
44453	interact	6157	2
44453	useitem	6152	3
44457	story	6053	1
44457	useitem	6153	2
44460	story	6054	1
44461	useitem	6154	1
44461	interact	6158	2
44461	collect	6151	3
44464	useitem	6155	1
44464	useitem	6156	2
44468	interact	6159	1
44468	story	6055	2
44470	story	6056	1
44472	hunter	6155	1
44472	hunter	6156	2
44472	hunter	6157	3
44475	useitem	6157	1
44475	useitem	6158	2
44475	useitem	6159	3
44478	convoy	6152	1
44479	interact	6160	1
44479	interact	6161	2
44482	story	6057	1
44483	hunter	6050	1
44484	convoy	6103	1
44486	story	6058	1
44488	hunter	6051	1
44489	interact	6300	1
44489	interact	6301	2
44489	useitem	6050	3
44489	useitem	6051	4
44493	story	6059	1
44494	interact	6302	1
44494	hunter	6052	2
44494	interact	6303	3
44494	collect	6050	4
44498	collect	6051	1
44498	collect	6052	2
44500	story	6060	1
44502	interact	6304	1
44502	useitem	6052	2
44502	useitem	6053	3
44507	hunter	6053	1
44508	hunter	6054	1
44508	hunter	6055	2
44508	interact	6305	3
44508	convoy	6104	4
44513	hunter	6056	1
44514	interact	6306	1
44514	interact	6307	2
44514	interact	6308	3
44516	story	6061	1
44518	interact	6309	1
44518	hunter	6057	2
44520	collect	6053	1
44521	interact	6310	1
44522	interact	6311	1
44522	convoy	6105	2
44522	hunter	6058	3
44525	story	6062	1
44526	hunter	6059	1
44527	interact	6312	1
44528	interact	6313	1
44530	interact	6060	1
44530	hunter	6060	2
44533	hunter	6061	1
44534	interact	6061	1
44534	interact	6062	2
44534	useitem	6054	3
44534	useitem	6055	4
44538	story	6063	1
44539	hunter	6062	1
44541	interact	6073	1
44543	useitem	6056	1
44545	hunter	6063	1
44545	convoy	6106	2
44547	interact	6063	1
44547	useitem	6057	2
44550	hunter	6064	1
44550	hunter	6065	2
44550	interact	6064	3
44550	convoy	6107	4
44553	hunter	6066	1
44553	hunter	6067	1
44554	interact	6065	1
44554	convoy	6108	2
44554	interact	6066	3
44558	story	6064	1
44559	hunter	6068	1
44561	convoy	6109	1
44562	hunter	6069	1
44562	interact	6067	2
44562	hunter	6070	3
44565	interact	6068	1
44568	hunter	6071	1
44569	story	6065	1
44570	interact	6070	1
44570	interact	6071	2
44570	convoy	6110	3
44573	story	6066	1
44575	interact	6072	1
44575	hunter	6072	2
44136	interact	6057	1
44136	useitem	6021	2
44136	collect	6018	3
44126	interact	6054	1
44126	useitem	6018	2
44126	useitem	6019	3
44319	convoy	6204	1
44322	hunter	6209	1
44322	interact	6210	2
44360	convoy	6209	1
44360	interact	6227	2
44434	interact	6314	1
44434	convoy	6150	2
44437	useitem	6150	1
44437	interact	6315	2
44437	useitem	6151	3
44364	interact	6229	2
44364	interact	6230	3
44364	hunter	6238	1
44399	interact	6235	2
44399	useitem	6203	3
44399	convoy	6213	4
44399	interact	6316	1
44097	interact	6318	2
44097	interact	6319	1
44145	interact	6100	1
44145	interact	6320	2
44289	story	6216	1
44289	interact	6321	2
44385	story	6214	1
44385	interact	6323	2
44481	interact	6325	1
44481	interact	6326	2
44529	interact	6327	1
44529	interact	6328	2
44114	collect	6013	1
44114	collect	6014	1
44433	story	6050	1
44433	interact	6324	2
44203	story	6133	
44294	story	6201	1
44294	convoy	6201	2
44336	story	6205	1
44087	convoy	6004	1
44087	hunter	6019	2
44087	hunter	6020	3
44085	story	6009	1
44116	interact	6048	2
44116	interact	6331	1
44139	interact	6059	2
44139	interact	6332	1
44164	useitem	6101	1
44164	hunter	6108	3
44164	hunter	6107	2
44026	hunter	6003	1
44026	hunter	6240	1
44028	choose	8	1
44049	story	6215	1
44055	interact	6023	1
44055	hunter	6008	2
44055	interact	6339	3
44055	hunter	6009	4
44061	interact	6024	1
44061	convoy	6214	2
44061	interact	6025	3
44081	interact	6029	1
44081	hunter	6018	2
44082	hunter	6241	1
44082	convoy	6215	2
44080	choose	16	1
44088	collect	6213	1
44038	interact	6340	1
44038	convoy	6216	2
44041	interact	6019	1
44041	hunter	6005	2
44041	hunter	6006	2
44042	hunter	6007	1
44042	collect	6004	2
44042	interact	6334	3
44002	question	6001	1
44002	interact	6341	2
44005	interact	6335	1
44005	collect	6215	2
44005	useitem	6002	3
44008	useitem	6003	2
44008	convoy	6001	3
44008	interact	6337	1
44006	hunter	6001	1
44006	story	6217	2
44009	collect	6216	1
44009	collect	6217	1
44009	collect	6218	1
44025	interact	6342	1
44025	interact	6343	1
44025	interact	6344	1
44032	collect	6212	2
44032	interact	6345	1
44032	useitem	6204	2
44031	story	6004	1
44014	interact	6012	1
44014	interact	6013	2
44014	interact	6016	3
44015	interact	6338	1
44016	convoy	6014	1
44030	hunter	6004	1
44027	collect	6003	1
44027	useitem	6242	1
