STRING	STRING	STRING	STRING	STRING
ID	Type	TypeID	Order	RandCount
71660	hunter	71651	-1	2
71660	hunter	71652	-1	2
71660	hunter	71653	-1	2
71660	hunter	71654	-1	2
71660	hunter	71655	-1	2
71661	hunter	71651	-1	2
71661	hunter	71652	-1	2
71661	hunter	71653	-1	2
71661	hunter	71654	-1	2
71661	hunter	71655	-1	2
71662	hunter	71651	-1	2
71662	hunter	71652	-1	2
71662	hunter	71653	-1	2
71662	hunter	71654	-1	2
71662	hunter	71655	-1	2
71663	hunter	71651	-1	2
71663	hunter	71652	-1	2
71663	hunter	71653	-1	2
71663	hunter	71654	-1	2
71663	hunter	71655	-1	2
71664	hunter	71651	-1	2
71664	hunter	71652	-1	2
71664	hunter	71653	-1	2
71664	hunter	71654	-1	2
71664	hunter	71655	-1	2
71665	hunter	71651	-1	2
71665	hunter	71652	-1	2
71665	hunter	71653	-1	2
71665	hunter	71654	-1	2
71665	hunter	71655	-1	2
71666	hunter	71651	-1	2
71666	hunter	71652	-1	2
71666	hunter	71653	-1	2
71666	hunter	71654	-1	2
71666	hunter	71655	-1	2
71667	hunter	71651	-1	2
71667	hunter	71652	-1	2
71667	hunter	71653	-1	2
71667	hunter	71654	-1	2
71667	hunter	71655	-1	2
71651	collect	71651	1	
71652	hunter	71656	-1	
71652	hunter	71657	-1	
71652	hunter	71658	-1	
71652	hunter	71659	-1	
71652	hunter	71660	-1	
71653	collect	71652	-1	
71653	collect	71653	-1	
71653	collect	71654	-1	
71653	collect	71655	-1	
71653	collect	71656	-1	
71668	collect	71657	1	
71668	collect	71658	1	
71668	collect	71659	1	
71668	collect	71660	1	
71668	collect	71661	1	
71669	hunter	71661	1	
71670	collect	71657	1	
71670	collect	71658	1	
71670	collect	71659	1	
71670	collect	71660	1	
71670	collect	71661	1	
71672	collect	71657	1	
71672	collect	71658	1	
71672	collect	71659	1	
71672	collect	71660	1	
71672	collect	71661	1	
71674	collect	71657	1	
71674	collect	71658	1	
71674	collect	71659	1	
71674	collect	71660	1	
71674	collect	71661	1	
71676	collect	71657	1	
71676	collect	71658	1	
71676	collect	71659	1	
71676	collect	71660	1	
71676	collect	71661	1	
71678	collect	71657	1	
71678	collect	71658	1	
71678	collect	71659	1	
71678	collect	71660	1	
71678	collect	71661	1	
71680	collect	71657	1	
71680	collect	71658	1	
71680	collect	71659	1	
71680	collect	71660	1	
71680	collect	71661	1	
71682	collect	71657	1	
71682	collect	71658	1	
71682	collect	71659	1	
71682	collect	71660	1	
71682	collect	71661	1	
71671	hunter	71662	1	
71673	hunter	71663	1	
71675	hunter	71664	1	
71677	hunter	71665	1	
71679	hunter	71666	1	
71681	hunter	71667	1	
71683	hunter	71668	1	
71655	interact	71651	1	
71655	hunter	71669	2	
71655	story	71652	3	
71657	interact	71652	1	
71658	hunter	71700	1	
71658	hunter	71701	1	
71659	interact	71653	1	
71706	hunter	71816	-1	2
71706	hunter	71817	-1	2
71706	hunter	71818	-1	2
71706	hunter	71819	-1	2
71706	hunter	71820	-1	2
71705	interact	71817	1	
71705	interact	71816	2	
71705	useitem	71702	3	
71800	interact	71800	1	
71800	hunter	71800	2	
71800	hunter	71801	3	
71800	interact	71801	4	
71801	interact	71802	1	
71801	hunter	71802	2	
71801	hunter	71803	3	
71801	interact	71803	4	
71802	interact	71804	1	
71802	hunter	71804	2	
71802	hunter	71805	3	
71802	interact	71805	4	
71803	interact	71806	1	
71803	hunter	71806	2	
71803	hunter	71807	3	
71803	interact	71807	4	
71804	interact	71808	1	
71804	hunter	71808	2	
71804	hunter	71809	3	
71804	interact	71809	4	
71805	interact	71810	1	
71805	hunter	71810	2	
71805	hunter	71811	3	
71805	interact	71811	4	
71807	interact	71814	1	
71807	hunter	71814	2	
71807	hunter	71815	3	
71807	interact	71815	4	
71808	interact	71881	1	
71901	useitem	71703	1	
71901	useitem	71704	1	
71901	useitem	71705	1	
71902	collect	71663	1	
71904	useitem	71706	1	
71904	useitem	71707	1	
71904	useitem	71708	1	
71907	collect	71664	1	
71908	hunter	71821	1	
71908	hunter	71822	1	
71908	hunter	71823	1	
71702	interact	71659	1	
71702	interact	71876	2	
71702	interact	71879	3	
71702	interact	71880	4	
71702	hunter	71824	5	
71702	interact	71878	6	
71704	interact	71668	2	
71704	interact	71669	3	
71704	interact	71670	4	
71704	interact	71671	6	
71704	interact	71882	1	
71704	hunter	71828	5	
71806	interact	71812	1	
71806	interact	71818	2	
71806	interact	71819	3	
71806	interact	71813	4	
71808	interact	71881	1	
71809	interact	71883	1	
71810	interact	71884	1	
71811	interact	71885	1	
71812	interact	71886	1	
71813	interact	71887	1	
71814	interact	71888	1	
71815	interact	71889	1	
71701	interact	71654	1	
71701	hunter	71702	2	
71701	interact	71658	5	
71701	hunter	71829	3	
71701	hunter	71830	4	
71703	interact	71660	1	
71703	interact	71661	5	
71703	interact	71663	2	
71703	story	71661	4	
71703	interact	71664	3	
71905	useitem	71709	2	
71905	useitem	71710	2	
71905	useitem	71711	2	
71905	useitem	71712	2	
71905	interact	71890	1	
71910	useitem	71713	1	
71910	useitem	71714	1	
71910	useitem	71715	1	
71911	collect	71665	1	
71911	collect	71666	1	
71686	interact	71672	1	
71686	collect	71667	2	
71687	interact	71673	1	
71687	collect	71668	2	
71688	interact	71674	1	
71688	collect	71669	2	
71689	interact	71675	1	
71689	collect	71670	2	
71690	interact	71676	1	
71690	collect	71701	2	
71691	interact	71677	1	
71691	collect	71702	2	
71692	interact	71679	1	
71692	collect	71703	2	
71693	interact	71680	1	
71693	collect	71704	2	
71900	story	71653	1	
71900	interact	71820	2	
71900	useitem	71703	3	
71900	useitem	71704	3	
71900	collect	71663	4	
71903	story	71654	1	
71903	interact	71821	2	
71903	useitem	71706	3	
71903	useitem	71707	3	
71903	useitem	71709	3	
71903	useitem	71710	3	
71906	story	71655	1	
71906	interact	71822	2	
71906	hunter	71821	3	
71906	hunter	71822	3	
71906	hunter	71823	3	
71909	story	71656	1	
71909	interact	71823	2	
71909	useitem	71713	3	
71909	useitem	71714	3	
71909	collect	71665	3	
71909	collect	71666	3	
