STRING	STRING	STRING	STRING
ID	Type	TypeID	Order
71151	hunter	71151	1
71151	interact	71151	2
71152	hunter	71152	1
71152	story	71151	2
71154	interact	71152	1
71154	interact	71153	2
71154	interact	71154	2
71154	interact	71155	2
71154	interact	71156	2
71154	interact	71157	3
71154	interact	71158	4
71155	interact	71159	1
71155	interact	71160	2
71155	interact	71161	3
71155	interact	71162	3
71159	interact	71171	1
71159	interact	71172	2
71159	interact	71173	3
71159	interact	71174	3
71159	interact	71175	3
71159	story	71152	4
71160	interact	71176	1
71160	interact	71177	2
71160	interact	71178	2
71160	interact	71179	2
71160	interact	71180	3
71160	interact	71181	4
71160	interact	71182	5
71160	interact	71183	6
71161	story	71153	1
71161	interact	71184	2
71161	interact	71185	3
71161	interact	71186	4
71162	story	71154	1
71163	collect	71151	1
71163	collect	71152	2
71163	hunter	71154	3
71167	hunter	71155	1
71167	interact	71196	2
71167	hunter	71156	3
71167	story	71156	4
71168	interact	71197	1
71168	hunter	71157	2
71168	interact	71198	3
71168	interact	71199	4
71169	story	71157	1
71169	interact	71200	2
71169	interact	71201	3
71170	story	71158	
71171	interact	71202	1
71171	story	71159	2
71171	interact	71203	3
71171	interact	71204	4
71200	hunter	71200	1
71201	hunter	71201	1
71300	hunter	71300	1
71301	hunter	71301	1
71302	hunter	71302	1
71401	interact	71218	
71402	interact	71219	
71403	interact	71220	
71404	interact	71221	
71350	interact	71222	1
71350	interact	71223	2
71350	interact	71224	3
71350	convoy	71152	4
71350	interact	71225	5
71352	interact	71228	1
71352	useitem	71513	2
71353	interact	71229	1
71353	interact	71230	2
71353	interact	71231	3
71353	hunter	71514	4
71353	interact	71232	5
71354	interact	71233	1
71354	collect	71164	2
71354	useitem	71514	3
71354	interact	71234	4
71354	convoy	71154	5
71355	story	71161	1
71356	interact	71235	1
71356	useitem	71515	2
71356	interact	71236	3
71357	interact	71237	1
71357	interact	71238	2
71357	interact	71239	3
71357	interact	71240	4
71357	convoy	71155	5
71357	interact	71241	6
71357	hunter	71515	7
71359	interact	71245	1
71359	interact	71246	2
71359	useitem	71516	3
71359	interact	71247	4
71359	story	71162	5
71363	interact	71259	1
71363	collect	71168	2
71363	interact	71260	3
71363	interact	71261	4
71363	collect	71169	5
71363	interact	71262	6
71364	interact	71263	1
71364	hunter	71519	2
71364	interact	71264	3
71364	collect	71170	4
71367	interact	71271	1
71358	interact	71242	1
71358	collect	71165	2
71358	interact	71243	3
71358	convoy	71156	4
71361	interact	71251	1
71361	hunter	71516	2
71361	interact	71252	3
71361	interact	71253	4
71361	hunter	71517	5
71361	collect	71167	6
71361	interact	71254	7
71361	convoy	71157	8
71362	hunter	71518	1
71362	interact	71256	2
71362	interact	71257	3
71366	interact	71268	1
71366	interact	71269	2
71158	interact	71169	1
71158	interact	71170	2
71158	interact	71276	3
71164	collect	71153	1
71164	useitem	71154	2
71164	interact	71189	3
71172	special	1165	1
71177	hunter	71522	1
71178	hunter	71523	1
71175	interact	71209	1
71175	collect	71159	2
71175	collect	71160	2
71175	collect	71161	2
71411	hunter	71411	
71156	interact	71163	1
71156	useitem	71152	2
71156	interact	71164	3
71156	interact	71275	4
71157	interact	71165	1
71157	interact	71166	2
71157	interact	71168	3
71153	hunter	71153	1
71153	useitem	71511	2
71303	hunter	71525	1
71174	collect	71156	2
71173	hunter	71159	1
71176	interact	71215	1
71176	interact	71216	2
71176	interact	71217	3
71176	useitem	71512	4
71176	collect	71163	5
71176	hunter	71524	6
71180	hunter	71526	1
71211	story	71165	1
71211	story	71166	2
71211	collect	71172	3
71211	interact	71277	4
71211	interact	71278	4
71211	interact	71279	4
71211	interact	71280	5
71211	interact	71281	6
71212	story	71167	1
71212	story	71168	2
71213	story	71169	1
71213	interact	71282	2
71213	interact	71283	3
71213	interact	71284	3
71213	interact	71285	3
71213	interact	71286	4
71213	interact	71287	5
71214	story	71170	1
71214	story	71171	2
71214	story	71172	3
71215	story	71173	1
71215	story	71174	2
71215	story	71175	3
71216	story	71176	1
71216	story	71177	2
71216	story	71178	3
71218	interact	71289	1
71218	story	71183	2
71218	story	71184	3
71218	interact	71290	4
71202	interact	71210	1
71203	interact	71213	1
71204	hunter	71527	1
71206	hunter	71528	1
71219	interact	71291	1
71219	story	71185	2
71219	collect	71176	3
71221	story	71191	1
71221	story	71192	2
71221	interact	71292	3
71221	hunter	71171	4
71221	useitem	71158	5
71221	collect	71177	6
71222	story	71193	1
71222	story	71194	2
71223	story	71195	1
71223	story	71196	2
71223	story	71197	3
71223	story	71198	4
71223	interact	71293	5
71223	interact	71294	6
71224	story	71199	1
71224	story	71200	2
71224	story	71201	3
71224	story	71202	4
71224	interact	71295	5
71224	hunter	71161	6
71224	interact	71296	7
71224	story	71203	8
71224	hunter	71162	9
71225	interact	71297	1
71225	interact	71298	2
71225	story	71204	3
71205	useitem	71159	1
71217	interact	71288	1
71217	story	71179	2
71217	story	71180	3
71217	story	71181	4
71217	collect	71173	5
71217	collect	71174	5
71217	collect	71175	5
71217	interact	71299	6
71220	story	71186	1
71220	story	71187	2
71220	story	71188	3
71351	interact	71226	1
71351	hunter	71512	2
71351	convoy	71153	4
71351	interact	71227	5
71351	hunter	71513	6
71351	interact	71410	3
71368	interact	71272	1
71368	hunter	71521	2
71368	useitem	71519	3
71368	interact	71273	4
71368	interact	71274	5
71365	hunter	71520	1
71365	interact	71266	2
71365	collect	71171	3
71365	interact	71267	4
71365	useitem	71518	5
71360	interact	71249	2
71360	collect	71166	3
71360	interact	71250	4
71360	useitem	71517	5
71226	story	71205	1
71226	story	71206	2
71226	interact	71300	3
71227	story	71207	1
71227	story	71208	2
71227	convoy	71160	3
71227	interact	71301	4
71228	story	71209	1
71228	interact	71302	2
71228	story	71210	3
71228	hunter	71172	4
71228	story	71211	5
71228	story	71212	6
71229	story	71213	1
71229	interact	71303	2
71229	story	71214	3
71229	interact	71304	4
71229	hunter	71173	5
71230	story	71215	1
71230	interact	71305	2
71230	hunter	71174	3
71230	story	71216	4
71230	collect	71178	5
71230	story	71217	6
71231	story	71218	1
71231	story	71219	2
71231	story	71220	3
71232	story	71221	1
71232	hunter	71175	2
71232	story	71222	3
71232	hunter	71176	4
71232	story	71223	5
71232	collect	71179	6
71232	story	71224	7
71233	story	71225	1
71233	story	71226	2
71233	story	71227	2
71233	story	71228	3
71233	story	71229	4
71405	collect	71405	
71234	story	71230	1
71234	story	71231	1
71234	story	71232	2
71234	interact	71307	3
71234	useitem	71520	4
71235	story	71233	1
71235	story	71234	2
71235	story	71235	3
71236	story	71236	1
71236	interact	71308	2
71236	story	71237	3
71236	story	71238	4
71237	story	71239	1
71237	story	71240	2
71237	story	71241	3
71239	story	71246	1
71239	hunter	71177	2
71240	hunter	71178	1
71240	story	71247	2
71240	story	71248	3
71410	hunter	71165	1
71408	collect	71408	
71408	collect	71418	
71406	collect	71406	
71407	hunter	71491	2
71210	story	71163	1
71238	useitem	71160	1
71238	useitem	71161	1
71238	useitem	71162	1
71165	interact	71190	1
71165	story	71155	2
71166	interact	71195	2
71166	useitem	71163	1
71166	useitem	71164	1
71166	useitem	71165	1
